//AXIS one - all types of messages
601 23 0016 01 10004060 
601 23 0116 01 10004160 
601 23 0216 01 20018f60 
601 23 0316 01 20028f60 
601 23 001a 01 10004060 
601 23 011a 01 10004060 
601 23 021a 01 10004060 
601 23 031a 01 10004060 


000 81 01
000 80 01
001 dadadadada
001 eadaedaeda

041 4585
041 458555
041 45855547
081 0073 11 00
101 121212
121 121212
141 586325
161 205866
181 2055
201 30dd
281 1296ff
301 1299
381 eadaedaeda
401 69 55
481 6950
501 4588
581 60 8160 00 4585
701 05


//All axes
020 5484848
080
080 0101
100 45 44 44 5
200 
200 
200 1255

